vec1 : [ 15 15 15 ]
vec1 : [ 15 15 15 5 23 ]
vec1 : [ 15 15 15 5 ]
vec1 : [ ]
vec2 : [ 10 12 11 23 ]
vec3 : [ 10 12 11 23 ]
vec4 : [ 10 12 11 23 ]
vec5 : [ 10 12 11 23 ]
vec6 : [ 12 11 23 ]
vec7 : [ 10 20 30 40 50 60 70 80 90 100 ]

Before Swapping : 
v1 : [ -1 22 -28 999 ]
v2 : [ 10 11 12 ]

After Swapping : 
v1 : [ 10 11 12 ]
v2 : [ -1 22 -28 999 ]

vec : [ 10 15 20 30 45 ]
vtr : [ 10 20 25 30 40 50 ]
vtr : [ 10 20 21 22 23 24 25 30 40 50 ]
vtr : [ 10 20 -1 -1 -1 -1 21 22 23 24 25 30 40 50 ]
new_vtr : [ ]
new_vtr : [ 10 20 -1 -1 -1 -1 21 22 23 24 25 30 40 50 ]

-----------------

v1 : [ 1 2 ]
v2 : [ 10 20 99 ]
v3 : [ 19 24 27 -24 ]
vec2D : [ [ 1 2 ] [ 10 20 99 ] [ 19 24 27 -24 ] ]

VEC2D : [ [ 1 1 1 1 1 ] [ 1 1 1 1 1 ] [ 1 1 1 1 1 ] [ 1 1 1 1 1 ] ]

-----------------

VEC3D : [ [ [ 9 9 9 9 9 ] [ 9 9 9 9 9 ] [ 9 9 9 9 9 ] [ 9 9 9 9 9 ] ] [ [ 9 9 9 9 9 ] [ 9 9 9 9 9 ] [ 9 9 9 9 9 ] [ 9 9 9 9 9 ] ] [ [ 9 9 9 9 9 ] [ 9 9 9 9 9 ] [ 9 9 9 9 9 ] [ 9 9 9 9 9 ] ] ]
