0  1  6422024  1  42
0  3  0  3  42
0  7  4214977  7  42
0  0  0  0  42
0  0  6422024  0  42
0  0  0  0  42
0  0  -707980849  0  42
0  0  32763  0  42
0  0  4214977  0  42
0  0  0  0  42

0  1  6422024  1  42
0  3  0  3  42
0  7  4214977  7  42
0  0  0  0  42
0  0  6422024  0  42
0  0  0  0  42
0  0  -707980849  0  42
0  0  32763  0  42
0  0  4214977  0  42
0  0  0  0  42

SIZE : 10
MAX_SIZE : 10
Is arr4 Empty(?) : 0

Before Swapping: 
a   b
1  -10
2  -20
3  -30
4  -40
5  -50

After Swapping: 
 a   b
-10  1
-20  2
-30  3
-40  4
-50  5

Front : -10 Back : -50
Front : 1 Back : 5

-10 -20 -30 -40 -50 
-50 -40 -30 -20 -10 
-50 -40 -30 -20 -10 
-10 -20 -30 -40 -50 
