arr : [ 9 2 5 2 1 5 5 2 2 1 6 6 7 7 8 ]
st1 : [ 8 7 7 6 6 5 5 5 2 2 2 2 9 1 1 ]
st2 : [ 64 49 49 36 36 25 25 25 81 4 4 4 4 1 1 ]
len : 15
st1 : [ 8 7 7 6 6 5 5 5 9 1 1 ]
st2 : [ 64 49 49 36 36 25 25 25 81 4 4 4 1 1 ]
st2 : [ 49 49 36 36 25 25 25 81 4 4 4 1 1 ]
st2 : [ 49 49 36 36 25 25 25 81 ]
st3 : [ 81 25 25 25 36 36 49 49 ]
st3.find(4) : -1
st3.find(9) : -1
st1 is empty : No
st4 : [ 5 2 10 32 -4 ]
st5 : [ -10 71 16 8 96 ]
st4 : [ -10 71 16 8 96 ]
st5 : [ 5 2 10 32 -4 ]
(8,7) (7,8) (6,5) (5,6) (2,1) (1,2) (3,40) (1,20) (4,3) (3,4) 
st6 is empty : Yes
